0.000000000000000000e+00 6.972733139991760254e-01
2.500000000000000000e+01 1.932631582021713257e-01
5.000000000000000000e+01 1.987157911062240601e-01
7.500000000000000000e+01 2.443346381187438965e-01
1.000000000000000000e+02 2.318397909402847290e-01
1.250000000000000000e+02 1.333284080028533936e-01
1.500000000000000000e+02 2.172159850597381592e-01
1.750000000000000000e+02 1.218545883893966675e-01
2.000000000000000000e+02 1.199084669351577759e-01
2.250000000000000000e+02 1.183568835258483887e-01
0.000000000000000000e+00 6.972733139991760254e-01
2.500000000000000000e+01 1.932631582021713257e-01
5.000000000000000000e+01 1.987157911062240601e-01
7.500000000000000000e+01 2.443346381187438965e-01
1.000000000000000000e+02 2.318397909402847290e-01
1.250000000000000000e+02 1.333284080028533936e-01
1.500000000000000000e+02 2.172159850597381592e-01
1.750000000000000000e+02 1.218545883893966675e-01
2.000000000000000000e+02 1.199084669351577759e-01
2.250000000000000000e+02 1.183568835258483887e-01
2.500000000000000000e+02 1.017613485455513000e-01
2.750000000000000000e+02 1.465879529714584351e-01
3.000000000000000000e+02 1.028887778520584106e-01
3.250000000000000000e+02 1.137677207589149475e-01
3.500000000000000000e+02 1.566181182861328125e-01
3.750000000000000000e+02 1.411610692739486694e-01
4.000000000000000000e+02 9.747333824634552002e-02
4.250000000000000000e+02 1.035861670970916748e-01
4.500000000000000000e+02 1.076864227652549744e-01
4.750000000000000000e+02 9.859976172447204590e-02
0.000000000000000000e+00 6.972733139991760254e-01
2.500000000000000000e+01 1.932631582021713257e-01
5.000000000000000000e+01 1.987157911062240601e-01
7.500000000000000000e+01 2.443346381187438965e-01
1.000000000000000000e+02 2.318397909402847290e-01
1.250000000000000000e+02 1.333284080028533936e-01
1.500000000000000000e+02 2.172159850597381592e-01
1.750000000000000000e+02 1.218545883893966675e-01
2.000000000000000000e+02 1.199084669351577759e-01
2.250000000000000000e+02 1.183568835258483887e-01
2.500000000000000000e+02 1.017613485455513000e-01
2.750000000000000000e+02 1.465879529714584351e-01
3.000000000000000000e+02 1.028887778520584106e-01
3.250000000000000000e+02 1.137677207589149475e-01
3.500000000000000000e+02 1.566181182861328125e-01
3.750000000000000000e+02 1.411610692739486694e-01
4.000000000000000000e+02 9.747333824634552002e-02
4.250000000000000000e+02 1.035861670970916748e-01
4.500000000000000000e+02 1.076864227652549744e-01
4.750000000000000000e+02 9.859976172447204590e-02
5.000000000000000000e+02 1.029468029737472534e-01
5.250000000000000000e+02 1.297667920589447021e-01
5.500000000000000000e+02 1.228124350309371948e-01
5.750000000000000000e+02 1.024955138564109802e-01
6.000000000000000000e+02 1.504599004983901978e-01
6.250000000000000000e+02 9.579655528068542480e-02
6.500000000000000000e+02 1.662195622920989990e-01
6.750000000000000000e+02 7.270249724388122559e-02
7.000000000000000000e+02 9.853285551071166992e-02
7.250000000000000000e+02 1.042079702019691467e-01
0.000000000000000000e+00 6.972733139991760254e-01
2.500000000000000000e+01 1.932631582021713257e-01
5.000000000000000000e+01 1.987157911062240601e-01
7.500000000000000000e+01 2.443346381187438965e-01
1.000000000000000000e+02 2.318397909402847290e-01
1.250000000000000000e+02 1.333284080028533936e-01
1.500000000000000000e+02 2.172159850597381592e-01
1.750000000000000000e+02 1.218545883893966675e-01
2.000000000000000000e+02 1.199084669351577759e-01
2.250000000000000000e+02 1.183568835258483887e-01
2.500000000000000000e+02 1.017613485455513000e-01
2.750000000000000000e+02 1.465879529714584351e-01
3.000000000000000000e+02 1.028887778520584106e-01
3.250000000000000000e+02 1.137677207589149475e-01
3.500000000000000000e+02 1.566181182861328125e-01
3.750000000000000000e+02 1.411610692739486694e-01
4.000000000000000000e+02 9.747333824634552002e-02
4.250000000000000000e+02 1.035861670970916748e-01
4.500000000000000000e+02 1.076864227652549744e-01
4.750000000000000000e+02 9.859976172447204590e-02
5.000000000000000000e+02 1.029468029737472534e-01
5.250000000000000000e+02 1.297667920589447021e-01
5.500000000000000000e+02 1.228124350309371948e-01
5.750000000000000000e+02 1.024955138564109802e-01
6.000000000000000000e+02 1.504599004983901978e-01
6.250000000000000000e+02 9.579655528068542480e-02
6.500000000000000000e+02 1.662195622920989990e-01
6.750000000000000000e+02 7.270249724388122559e-02
7.000000000000000000e+02 9.853285551071166992e-02
7.250000000000000000e+02 1.042079702019691467e-01
7.500000000000000000e+02 7.761756330728530884e-02
7.750000000000000000e+02 1.016070991754531860e-01
8.000000000000000000e+02 8.050803095102310181e-02
8.250000000000000000e+02 1.001760140061378479e-01
8.500000000000000000e+02 9.679253399372100830e-02
8.750000000000000000e+02 1.387032568454742432e-01
9.000000000000000000e+02 8.715785294771194458e-02
9.250000000000000000e+02 1.005093455314636230e-01
9.500000000000000000e+02 1.099751219153404236e-01
9.750000000000000000e+02 9.678767621517181396e-02
0.000000000000000000e+00 6.972733139991760254e-01
2.500000000000000000e+01 1.932631582021713257e-01
5.000000000000000000e+01 1.987157911062240601e-01
7.500000000000000000e+01 2.443346381187438965e-01
1.000000000000000000e+02 2.318397909402847290e-01
1.250000000000000000e+02 1.333284080028533936e-01
1.500000000000000000e+02 2.172159850597381592e-01
1.750000000000000000e+02 1.218545883893966675e-01
2.000000000000000000e+02 1.199084669351577759e-01
2.250000000000000000e+02 1.183568835258483887e-01
2.500000000000000000e+02 1.017613485455513000e-01
2.750000000000000000e+02 1.465879529714584351e-01
3.000000000000000000e+02 1.028887778520584106e-01
3.250000000000000000e+02 1.137677207589149475e-01
3.500000000000000000e+02 1.566181182861328125e-01
3.750000000000000000e+02 1.411610692739486694e-01
4.000000000000000000e+02 9.747333824634552002e-02
4.250000000000000000e+02 1.035861670970916748e-01
4.500000000000000000e+02 1.076864227652549744e-01
4.750000000000000000e+02 9.859976172447204590e-02
5.000000000000000000e+02 1.029468029737472534e-01
5.250000000000000000e+02 1.297667920589447021e-01
5.500000000000000000e+02 1.228124350309371948e-01
5.750000000000000000e+02 1.024955138564109802e-01
6.000000000000000000e+02 1.504599004983901978e-01
6.250000000000000000e+02 9.579655528068542480e-02
6.500000000000000000e+02 1.662195622920989990e-01
6.750000000000000000e+02 7.270249724388122559e-02
7.000000000000000000e+02 9.853285551071166992e-02
7.250000000000000000e+02 1.042079702019691467e-01
7.500000000000000000e+02 7.761756330728530884e-02
7.750000000000000000e+02 1.016070991754531860e-01
8.000000000000000000e+02 8.050803095102310181e-02
8.250000000000000000e+02 1.001760140061378479e-01
8.500000000000000000e+02 9.679253399372100830e-02
8.750000000000000000e+02 1.387032568454742432e-01
9.000000000000000000e+02 8.715785294771194458e-02
9.250000000000000000e+02 1.005093455314636230e-01
9.500000000000000000e+02 1.099751219153404236e-01
9.750000000000000000e+02 9.678767621517181396e-02
1.000000000000000000e+03 1.046752482652664185e-01
1.025000000000000000e+03 6.176428869366645813e-02
1.050000000000000000e+03 6.642711162567138672e-02
1.075000000000000000e+03 9.232696145772933960e-02
1.100000000000000000e+03 1.133199557662010193e-01
1.125000000000000000e+03 1.309919208288192749e-01
1.150000000000000000e+03 6.674687564373016357e-02
1.175000000000000000e+03 7.393815368413925171e-02
1.200000000000000000e+03 8.990294486284255981e-02
1.225000000000000000e+03 9.818586707115173340e-02
0.000000000000000000e+00 6.972733139991760254e-01
2.500000000000000000e+01 1.932631582021713257e-01
5.000000000000000000e+01 1.987157911062240601e-01
7.500000000000000000e+01 2.443346381187438965e-01
1.000000000000000000e+02 2.318397909402847290e-01
1.250000000000000000e+02 1.333284080028533936e-01
1.500000000000000000e+02 2.172159850597381592e-01
1.750000000000000000e+02 1.218545883893966675e-01
2.000000000000000000e+02 1.199084669351577759e-01
2.250000000000000000e+02 1.183568835258483887e-01
2.500000000000000000e+02 1.017613485455513000e-01
2.750000000000000000e+02 1.465879529714584351e-01
3.000000000000000000e+02 1.028887778520584106e-01
3.250000000000000000e+02 1.137677207589149475e-01
3.500000000000000000e+02 1.566181182861328125e-01
3.750000000000000000e+02 1.411610692739486694e-01
4.000000000000000000e+02 9.747333824634552002e-02
4.250000000000000000e+02 1.035861670970916748e-01
4.500000000000000000e+02 1.076864227652549744e-01
4.750000000000000000e+02 9.859976172447204590e-02
5.000000000000000000e+02 1.029468029737472534e-01
5.250000000000000000e+02 1.297667920589447021e-01
5.500000000000000000e+02 1.228124350309371948e-01
5.750000000000000000e+02 1.024955138564109802e-01
6.000000000000000000e+02 1.504599004983901978e-01
6.250000000000000000e+02 9.579655528068542480e-02
6.500000000000000000e+02 1.662195622920989990e-01
6.750000000000000000e+02 7.270249724388122559e-02
7.000000000000000000e+02 9.853285551071166992e-02
7.250000000000000000e+02 1.042079702019691467e-01
7.500000000000000000e+02 7.761756330728530884e-02
7.750000000000000000e+02 1.016070991754531860e-01
8.000000000000000000e+02 8.050803095102310181e-02
8.250000000000000000e+02 1.001760140061378479e-01
8.500000000000000000e+02 9.679253399372100830e-02
8.750000000000000000e+02 1.387032568454742432e-01
9.000000000000000000e+02 8.715785294771194458e-02
9.250000000000000000e+02 1.005093455314636230e-01
9.500000000000000000e+02 1.099751219153404236e-01
9.750000000000000000e+02 9.678767621517181396e-02
1.000000000000000000e+03 1.046752482652664185e-01
1.025000000000000000e+03 6.176428869366645813e-02
1.050000000000000000e+03 6.642711162567138672e-02
1.075000000000000000e+03 9.232696145772933960e-02
1.100000000000000000e+03 1.133199557662010193e-01
1.125000000000000000e+03 1.309919208288192749e-01
1.150000000000000000e+03 6.674687564373016357e-02
1.175000000000000000e+03 7.393815368413925171e-02
1.200000000000000000e+03 8.990294486284255981e-02
1.225000000000000000e+03 9.818586707115173340e-02
1.250000000000000000e+03 7.220219820737838745e-02
1.275000000000000000e+03 6.993390619754791260e-02
1.300000000000000000e+03 9.065605700016021729e-02
1.325000000000000000e+03 7.428313046693801880e-02
1.350000000000000000e+03 7.034285366535186768e-02
1.375000000000000000e+03 6.040415167808532715e-02
1.400000000000000000e+03 6.164639815688133240e-02
1.425000000000000000e+03 9.193590283393859863e-02
1.450000000000000000e+03 5.864302068948745728e-02
1.475000000000000000e+03 7.169427722692489624e-02
0.000000000000000000e+00 6.972733139991760254e-01
2.500000000000000000e+01 1.932631582021713257e-01
5.000000000000000000e+01 1.987157911062240601e-01
7.500000000000000000e+01 2.443346381187438965e-01
1.000000000000000000e+02 2.318397909402847290e-01
1.250000000000000000e+02 1.333284080028533936e-01
1.500000000000000000e+02 2.172159850597381592e-01
1.750000000000000000e+02 1.218545883893966675e-01
2.000000000000000000e+02 1.199084669351577759e-01
2.250000000000000000e+02 1.183568835258483887e-01
2.500000000000000000e+02 1.017613485455513000e-01
2.750000000000000000e+02 1.465879529714584351e-01
3.000000000000000000e+02 1.028887778520584106e-01
3.250000000000000000e+02 1.137677207589149475e-01
3.500000000000000000e+02 1.566181182861328125e-01
3.750000000000000000e+02 1.411610692739486694e-01
4.000000000000000000e+02 9.747333824634552002e-02
4.250000000000000000e+02 1.035861670970916748e-01
4.500000000000000000e+02 1.076864227652549744e-01
4.750000000000000000e+02 9.859976172447204590e-02
5.000000000000000000e+02 1.029468029737472534e-01
5.250000000000000000e+02 1.297667920589447021e-01
5.500000000000000000e+02 1.228124350309371948e-01
5.750000000000000000e+02 1.024955138564109802e-01
6.000000000000000000e+02 1.504599004983901978e-01
6.250000000000000000e+02 9.579655528068542480e-02
6.500000000000000000e+02 1.662195622920989990e-01
6.750000000000000000e+02 7.270249724388122559e-02
7.000000000000000000e+02 9.853285551071166992e-02
7.250000000000000000e+02 1.042079702019691467e-01
7.500000000000000000e+02 7.761756330728530884e-02
7.750000000000000000e+02 1.016070991754531860e-01
8.000000000000000000e+02 8.050803095102310181e-02
8.250000000000000000e+02 1.001760140061378479e-01
8.500000000000000000e+02 9.679253399372100830e-02
8.750000000000000000e+02 1.387032568454742432e-01
9.000000000000000000e+02 8.715785294771194458e-02
9.250000000000000000e+02 1.005093455314636230e-01
9.500000000000000000e+02 1.099751219153404236e-01
9.750000000000000000e+02 9.678767621517181396e-02
1.000000000000000000e+03 1.046752482652664185e-01
1.025000000000000000e+03 6.176428869366645813e-02
1.050000000000000000e+03 6.642711162567138672e-02
1.075000000000000000e+03 9.232696145772933960e-02
1.100000000000000000e+03 1.133199557662010193e-01
1.125000000000000000e+03 1.309919208288192749e-01
1.150000000000000000e+03 6.674687564373016357e-02
1.175000000000000000e+03 7.393815368413925171e-02
1.200000000000000000e+03 8.990294486284255981e-02
1.225000000000000000e+03 9.818586707115173340e-02
1.250000000000000000e+03 7.220219820737838745e-02
1.275000000000000000e+03 6.993390619754791260e-02
1.300000000000000000e+03 9.065605700016021729e-02
1.325000000000000000e+03 7.428313046693801880e-02
1.350000000000000000e+03 7.034285366535186768e-02
1.375000000000000000e+03 6.040415167808532715e-02
1.400000000000000000e+03 6.164639815688133240e-02
1.425000000000000000e+03 9.193590283393859863e-02
1.450000000000000000e+03 5.864302068948745728e-02
1.475000000000000000e+03 7.169427722692489624e-02
1.500000000000000000e+03 5.690435692667961121e-02
1.525000000000000000e+03 7.389467954635620117e-02
1.550000000000000000e+03 7.981505244970321655e-02
1.575000000000000000e+03 5.918826907873153687e-02
1.600000000000000000e+03 4.592354223132133484e-02
1.625000000000000000e+03 6.576173007488250732e-02
1.650000000000000000e+03 5.109595134854316711e-02
1.675000000000000000e+03 7.993066310882568359e-02
1.700000000000000000e+03 6.433578580617904663e-02
1.725000000000000000e+03 6.494820117950439453e-02
0.000000000000000000e+00 6.972733139991760254e-01
2.500000000000000000e+01 1.932631582021713257e-01
5.000000000000000000e+01 1.987157911062240601e-01
7.500000000000000000e+01 2.443346381187438965e-01
1.000000000000000000e+02 2.318397909402847290e-01
1.250000000000000000e+02 1.333284080028533936e-01
1.500000000000000000e+02 2.172159850597381592e-01
1.750000000000000000e+02 1.218545883893966675e-01
2.000000000000000000e+02 1.199084669351577759e-01
2.250000000000000000e+02 1.183568835258483887e-01
2.500000000000000000e+02 1.017613485455513000e-01
2.750000000000000000e+02 1.465879529714584351e-01
3.000000000000000000e+02 1.028887778520584106e-01
3.250000000000000000e+02 1.137677207589149475e-01
3.500000000000000000e+02 1.566181182861328125e-01
3.750000000000000000e+02 1.411610692739486694e-01
4.000000000000000000e+02 9.747333824634552002e-02
4.250000000000000000e+02 1.035861670970916748e-01
4.500000000000000000e+02 1.076864227652549744e-01
4.750000000000000000e+02 9.859976172447204590e-02
5.000000000000000000e+02 1.029468029737472534e-01
5.250000000000000000e+02 1.297667920589447021e-01
5.500000000000000000e+02 1.228124350309371948e-01
5.750000000000000000e+02 1.024955138564109802e-01
6.000000000000000000e+02 1.504599004983901978e-01
6.250000000000000000e+02 9.579655528068542480e-02
6.500000000000000000e+02 1.662195622920989990e-01
6.750000000000000000e+02 7.270249724388122559e-02
7.000000000000000000e+02 9.853285551071166992e-02
7.250000000000000000e+02 1.042079702019691467e-01
7.500000000000000000e+02 7.761756330728530884e-02
7.750000000000000000e+02 1.016070991754531860e-01
8.000000000000000000e+02 8.050803095102310181e-02
8.250000000000000000e+02 1.001760140061378479e-01
8.500000000000000000e+02 9.679253399372100830e-02
8.750000000000000000e+02 1.387032568454742432e-01
9.000000000000000000e+02 8.715785294771194458e-02
9.250000000000000000e+02 1.005093455314636230e-01
9.500000000000000000e+02 1.099751219153404236e-01
9.750000000000000000e+02 9.678767621517181396e-02
1.000000000000000000e+03 1.046752482652664185e-01
1.025000000000000000e+03 6.176428869366645813e-02
1.050000000000000000e+03 6.642711162567138672e-02
1.075000000000000000e+03 9.232696145772933960e-02
1.100000000000000000e+03 1.133199557662010193e-01
1.125000000000000000e+03 1.309919208288192749e-01
1.150000000000000000e+03 6.674687564373016357e-02
1.175000000000000000e+03 7.393815368413925171e-02
1.200000000000000000e+03 8.990294486284255981e-02
1.225000000000000000e+03 9.818586707115173340e-02
1.250000000000000000e+03 7.220219820737838745e-02
1.275000000000000000e+03 6.993390619754791260e-02
1.300000000000000000e+03 9.065605700016021729e-02
1.325000000000000000e+03 7.428313046693801880e-02
1.350000000000000000e+03 7.034285366535186768e-02
1.375000000000000000e+03 6.040415167808532715e-02
1.400000000000000000e+03 6.164639815688133240e-02
1.425000000000000000e+03 9.193590283393859863e-02
1.450000000000000000e+03 5.864302068948745728e-02
1.475000000000000000e+03 7.169427722692489624e-02
1.500000000000000000e+03 5.690435692667961121e-02
1.525000000000000000e+03 7.389467954635620117e-02
1.550000000000000000e+03 7.981505244970321655e-02
1.575000000000000000e+03 5.918826907873153687e-02
1.600000000000000000e+03 4.592354223132133484e-02
1.625000000000000000e+03 6.576173007488250732e-02
1.650000000000000000e+03 5.109595134854316711e-02
1.675000000000000000e+03 7.993066310882568359e-02
1.700000000000000000e+03 6.433578580617904663e-02
1.725000000000000000e+03 6.494820117950439453e-02
1.750000000000000000e+03 6.909218430519104004e-02
1.775000000000000000e+03 8.523291349411010742e-02
1.800000000000000000e+03 8.280387520790100098e-02
1.825000000000000000e+03 7.285661250352859497e-02
1.850000000000000000e+03 5.506922677159309387e-02
1.875000000000000000e+03 6.928898394107818604e-02
1.900000000000000000e+03 5.089169740676879883e-02
1.925000000000000000e+03 8.245730400085449219e-02
1.950000000000000000e+03 6.302444636821746826e-02
1.975000000000000000e+03 5.523863807320594788e-02
0.000000000000000000e+00 6.972733139991760254e-01
2.500000000000000000e+01 1.932631582021713257e-01
5.000000000000000000e+01 1.987157911062240601e-01
7.500000000000000000e+01 2.443346381187438965e-01
1.000000000000000000e+02 2.318397909402847290e-01
1.250000000000000000e+02 1.333284080028533936e-01
1.500000000000000000e+02 2.172159850597381592e-01
1.750000000000000000e+02 1.218545883893966675e-01
2.000000000000000000e+02 1.199084669351577759e-01
2.250000000000000000e+02 1.183568835258483887e-01
2.500000000000000000e+02 1.017613485455513000e-01
2.750000000000000000e+02 1.465879529714584351e-01
3.000000000000000000e+02 1.028887778520584106e-01
3.250000000000000000e+02 1.137677207589149475e-01
3.500000000000000000e+02 1.566181182861328125e-01
3.750000000000000000e+02 1.411610692739486694e-01
4.000000000000000000e+02 9.747333824634552002e-02
4.250000000000000000e+02 1.035861670970916748e-01
4.500000000000000000e+02 1.076864227652549744e-01
4.750000000000000000e+02 9.859976172447204590e-02
5.000000000000000000e+02 1.029468029737472534e-01
5.250000000000000000e+02 1.297667920589447021e-01
5.500000000000000000e+02 1.228124350309371948e-01
5.750000000000000000e+02 1.024955138564109802e-01
6.000000000000000000e+02 1.504599004983901978e-01
6.250000000000000000e+02 9.579655528068542480e-02
6.500000000000000000e+02 1.662195622920989990e-01
6.750000000000000000e+02 7.270249724388122559e-02
7.000000000000000000e+02 9.853285551071166992e-02
7.250000000000000000e+02 1.042079702019691467e-01
7.500000000000000000e+02 7.761756330728530884e-02
7.750000000000000000e+02 1.016070991754531860e-01
8.000000000000000000e+02 8.050803095102310181e-02
8.250000000000000000e+02 1.001760140061378479e-01
8.500000000000000000e+02 9.679253399372100830e-02
8.750000000000000000e+02 1.387032568454742432e-01
9.000000000000000000e+02 8.715785294771194458e-02
9.250000000000000000e+02 1.005093455314636230e-01
9.500000000000000000e+02 1.099751219153404236e-01
9.750000000000000000e+02 9.678767621517181396e-02
1.000000000000000000e+03 1.046752482652664185e-01
1.025000000000000000e+03 6.176428869366645813e-02
1.050000000000000000e+03 6.642711162567138672e-02
1.075000000000000000e+03 9.232696145772933960e-02
1.100000000000000000e+03 1.133199557662010193e-01
1.125000000000000000e+03 1.309919208288192749e-01
1.150000000000000000e+03 6.674687564373016357e-02
1.175000000000000000e+03 7.393815368413925171e-02
1.200000000000000000e+03 8.990294486284255981e-02
1.225000000000000000e+03 9.818586707115173340e-02
1.250000000000000000e+03 7.220219820737838745e-02
1.275000000000000000e+03 6.993390619754791260e-02
1.300000000000000000e+03 9.065605700016021729e-02
1.325000000000000000e+03 7.428313046693801880e-02
1.350000000000000000e+03 7.034285366535186768e-02
1.375000000000000000e+03 6.040415167808532715e-02
1.400000000000000000e+03 6.164639815688133240e-02
1.425000000000000000e+03 9.193590283393859863e-02
1.450000000000000000e+03 5.864302068948745728e-02
1.475000000000000000e+03 7.169427722692489624e-02
1.500000000000000000e+03 5.690435692667961121e-02
1.525000000000000000e+03 7.389467954635620117e-02
1.550000000000000000e+03 7.981505244970321655e-02
1.575000000000000000e+03 5.918826907873153687e-02
1.600000000000000000e+03 4.592354223132133484e-02
1.625000000000000000e+03 6.576173007488250732e-02
1.650000000000000000e+03 5.109595134854316711e-02
1.675000000000000000e+03 7.993066310882568359e-02
1.700000000000000000e+03 6.433578580617904663e-02
1.725000000000000000e+03 6.494820117950439453e-02
1.750000000000000000e+03 6.909218430519104004e-02
1.775000000000000000e+03 8.523291349411010742e-02
1.800000000000000000e+03 8.280387520790100098e-02
1.825000000000000000e+03 7.285661250352859497e-02
1.850000000000000000e+03 5.506922677159309387e-02
1.875000000000000000e+03 6.928898394107818604e-02
1.900000000000000000e+03 5.089169740676879883e-02
1.925000000000000000e+03 8.245730400085449219e-02
1.950000000000000000e+03 6.302444636821746826e-02
1.975000000000000000e+03 5.523863807320594788e-02
2.000000000000000000e+03 6.355416774749755859e-02
2.025000000000000000e+03 7.369626313447952271e-02
2.050000000000000000e+03 7.496070116758346558e-02
2.075000000000000000e+03 9.769859910011291504e-02
2.100000000000000000e+03 5.646958947181701660e-02
2.125000000000000000e+03 8.457726985216140747e-02
2.150000000000000000e+03 6.844401359558105469e-02
2.175000000000000000e+03 9.169138967990875244e-02
2.200000000000000000e+03 4.788800701498985291e-02
2.225000000000000000e+03 5.241074040532112122e-02
0.000000000000000000e+00 6.972733139991760254e-01
2.500000000000000000e+01 1.932631582021713257e-01
5.000000000000000000e+01 1.987157911062240601e-01
7.500000000000000000e+01 2.443346381187438965e-01
1.000000000000000000e+02 2.318397909402847290e-01
1.250000000000000000e+02 1.333284080028533936e-01
1.500000000000000000e+02 2.172159850597381592e-01
1.750000000000000000e+02 1.218545883893966675e-01
2.000000000000000000e+02 1.199084669351577759e-01
2.250000000000000000e+02 1.183568835258483887e-01
2.500000000000000000e+02 1.017613485455513000e-01
2.750000000000000000e+02 1.465879529714584351e-01
3.000000000000000000e+02 1.028887778520584106e-01
3.250000000000000000e+02 1.137677207589149475e-01
3.500000000000000000e+02 1.566181182861328125e-01
3.750000000000000000e+02 1.411610692739486694e-01
4.000000000000000000e+02 9.747333824634552002e-02
4.250000000000000000e+02 1.035861670970916748e-01
4.500000000000000000e+02 1.076864227652549744e-01
4.750000000000000000e+02 9.859976172447204590e-02
5.000000000000000000e+02 1.029468029737472534e-01
5.250000000000000000e+02 1.297667920589447021e-01
5.500000000000000000e+02 1.228124350309371948e-01
5.750000000000000000e+02 1.024955138564109802e-01
6.000000000000000000e+02 1.504599004983901978e-01
6.250000000000000000e+02 9.579655528068542480e-02
6.500000000000000000e+02 1.662195622920989990e-01
6.750000000000000000e+02 7.270249724388122559e-02
7.000000000000000000e+02 9.853285551071166992e-02
7.250000000000000000e+02 1.042079702019691467e-01
7.500000000000000000e+02 7.761756330728530884e-02
7.750000000000000000e+02 1.016070991754531860e-01
8.000000000000000000e+02 8.050803095102310181e-02
8.250000000000000000e+02 1.001760140061378479e-01
8.500000000000000000e+02 9.679253399372100830e-02
8.750000000000000000e+02 1.387032568454742432e-01
9.000000000000000000e+02 8.715785294771194458e-02
9.250000000000000000e+02 1.005093455314636230e-01
9.500000000000000000e+02 1.099751219153404236e-01
9.750000000000000000e+02 9.678767621517181396e-02
1.000000000000000000e+03 1.046752482652664185e-01
1.025000000000000000e+03 6.176428869366645813e-02
1.050000000000000000e+03 6.642711162567138672e-02
1.075000000000000000e+03 9.232696145772933960e-02
1.100000000000000000e+03 1.133199557662010193e-01
1.125000000000000000e+03 1.309919208288192749e-01
1.150000000000000000e+03 6.674687564373016357e-02
1.175000000000000000e+03 7.393815368413925171e-02
1.200000000000000000e+03 8.990294486284255981e-02
1.225000000000000000e+03 9.818586707115173340e-02
1.250000000000000000e+03 7.220219820737838745e-02
1.275000000000000000e+03 6.993390619754791260e-02
1.300000000000000000e+03 9.065605700016021729e-02
1.325000000000000000e+03 7.428313046693801880e-02
1.350000000000000000e+03 7.034285366535186768e-02
1.375000000000000000e+03 6.040415167808532715e-02
1.400000000000000000e+03 6.164639815688133240e-02
1.425000000000000000e+03 9.193590283393859863e-02
1.450000000000000000e+03 5.864302068948745728e-02
1.475000000000000000e+03 7.169427722692489624e-02
1.500000000000000000e+03 5.690435692667961121e-02
1.525000000000000000e+03 7.389467954635620117e-02
1.550000000000000000e+03 7.981505244970321655e-02
1.575000000000000000e+03 5.918826907873153687e-02
1.600000000000000000e+03 4.592354223132133484e-02
1.625000000000000000e+03 6.576173007488250732e-02
1.650000000000000000e+03 5.109595134854316711e-02
1.675000000000000000e+03 7.993066310882568359e-02
1.700000000000000000e+03 6.433578580617904663e-02
1.725000000000000000e+03 6.494820117950439453e-02
1.750000000000000000e+03 6.909218430519104004e-02
1.775000000000000000e+03 8.523291349411010742e-02
1.800000000000000000e+03 8.280387520790100098e-02
1.825000000000000000e+03 7.285661250352859497e-02
1.850000000000000000e+03 5.506922677159309387e-02
1.875000000000000000e+03 6.928898394107818604e-02
1.900000000000000000e+03 5.089169740676879883e-02
1.925000000000000000e+03 8.245730400085449219e-02
1.950000000000000000e+03 6.302444636821746826e-02
1.975000000000000000e+03 5.523863807320594788e-02
2.000000000000000000e+03 6.355416774749755859e-02
2.025000000000000000e+03 7.369626313447952271e-02
2.050000000000000000e+03 7.496070116758346558e-02
2.075000000000000000e+03 9.769859910011291504e-02
2.100000000000000000e+03 5.646958947181701660e-02
2.125000000000000000e+03 8.457726985216140747e-02
2.150000000000000000e+03 6.844401359558105469e-02
2.175000000000000000e+03 9.169138967990875244e-02
2.200000000000000000e+03 4.788800701498985291e-02
2.225000000000000000e+03 5.241074040532112122e-02
2.250000000000000000e+03 7.016036659479141235e-02
2.275000000000000000e+03 6.517121940851211548e-02
2.300000000000000000e+03 5.187892168760299683e-02
2.325000000000000000e+03 5.207135528326034546e-02
2.350000000000000000e+03 5.907163023948669434e-02
2.375000000000000000e+03 5.544664710760116577e-02
2.400000000000000000e+03 6.722915172576904297e-02
2.425000000000000000e+03 5.474623665213584900e-02
2.450000000000000000e+03 7.123443484306335449e-02
2.475000000000000000e+03 8.950842916965484619e-02
